firstmystery
75
s 3 4
b 1 1 4
e 1 1 4
F 1 1 4

G 1 1 4
s 1 8
F 1 1 8
e 1 1 4
F 1 1 4
D 1 1 4
s 1 8
b 2 1 8
C 2 1 8
D 2 1 8
e 2 1 8
b 2 1 8
a 2 1 4
G 1 1 8
e 1 1 8
G 1 1 8
F 1 1 8
e 1 1 8
F 1 1 8
G 1 1 4
s 1 8
b 2 1 8
b 2 1 4
a 2 1 8
G 1 1 8
G 1 1 4
F 1 1 8
e 1 1 8
D 1 1 8
e 1 1 8
F 1 1 8
G 1 1 8
a 2 1 4
F 2 1 8
e 2 1 8
D 2 1 4
C 2 1 8
b 2 1 8
F 1 1 4
b 2 1 8
A 2 1 8
b 2 1 2
s 1 4
b 1 1 8
b 1 1 8
C 1 1 4
b 1 1 8
A 1 1 8
b 1 1 4
e 1 1 8
G 1 1 8
b 2 1 4
C 2 1 8
D 2 1 8
e 2 1 4
s 1 8
e 2 1 8
D 2 1 4
G 1 1 8
C 2 1 8
b 2 1 4
b 2 1 8
A 2 1 8
G 1 3 4

s 1 8
b 2 1 8
G 2 1 4
G 2 1 8
F 2 1 8
e 2 1 4
G 1 1 8
G 1 1 8
a 2 1 4
a 2 1 8
G 1 1 8
F 1 1 4
s 1 8
C 2 1 8
b 2 1 4
e 1 1 8
F 1 1 8
G 1 1 4
G 1 1 8
F 1 1 8
e 1 3 4
s 1 4

b 2 1 8
a 2 1 8
G 1 1 4
b 2 1 4
F 1 1 4
D 2 1 8
b 2 1 8
b 2 1 4
e 2 1 4
F 2 3 8
s 1 8

s 1 8
b 2 1 8
G 2 1 4
G 2 1 8
F 2 1 8
e 2 1 4
G 1 1 8
G 1 1 8
a 2 1 4
a 2 1 8
G 1 1 8
F 1 1 4
s 1 8
C 2 1 8
b 2 1 4
e 1 1 8
F 1 1 8
G 1 1 4
G 1 1 8
F 1 1 8
e 1 3 4
s 1 4

